image_width: 1280
image_height: 800
camera_name: overhead_camera
camera_matrix:
  rows: 3
  cols: 3
  data: [837.696339, 0, 642.766855, 0, 837.287551, 452.400662, 0, 0, 1]
distortion_model: plumb_bob
distortion_coefficients:
  rows: 1
  cols: 5
  data: [-0.350806, 0.113444, -0.002938, -0.00167, 0]
rectification_matrix:
  rows: 3
  cols: 3
  data: [1, 0, 0, 0, 1, 0, 0, 0, 1]
projection_matrix:
  rows: 3
  cols: 4
  data: [638.081055, 0, 637.470479, 0, 0, 759.637207, 460.184441, 0, 0, 0, 1, 0]
