#('D = ', [-0.31992906703350904, 0.08716528261530822, -0.00041577191184525544, -0.00028894717868060944, 0.0])
#('K = ', [401.6834736342967, 0.0, 321.5373635272861, 0.0, 400.23647093191823, 211.98533949713584, 0.0, 0.0, 1.0])
#('R = ', [1.0, 0.0, 0.0, 0.0, 1.0, 0.0, 0.0, 0.0, 1.0])
#('P = ', [301.3074645996094, 0.0, 321.33767869130315, 0.0, 0.0, 363.53887939453125, 213.82235641380612, 0.0, 0.0, 0.0, 1.0, 0.0])
# None
# oST version 5.0 parameters


[image]

width
640

height
400

[narrow_stereo]

camera matrix
401.683474 0.000000 321.537364
0.000000 400.236471 211.985339
0.000000 0.000000 1.000000

distortion
-0.319929 0.087165 -0.000416 -0.000289 0.000000

rectification
1.000000 0.000000 0.000000
0.000000 1.000000 0.000000
0.000000 0.000000 1.000000

projection
301.307465 0.000000 321.337679 0.000000
0.000000 363.538879 213.822356 0.000000
0.000000 0.000000 1.000000 0.000000

