#('D = ', [-0.3163943517310491, 0.0821125737222601, 0.0026753584558053224, -0.0024526055460235793, 0.0])
#('K = ', [453.35434705185645, 0.0, 307.0870503880493, 0.0, 452.3190495314883, 274.6687300137319, 0.0, 0.0, 1.0])
#('R = ', [1.0, 0.0, 0.0, 0.0, 1.0, 0.0, 0.0, 0.0, 1.0])
#('P = ', [363.6568298339844, 0.0, 296.0074511544062, 0.0, 0.0, 401.2313537597656, 284.8266612078387, 0.0, 0.0, 0.0, 1.0, 0.0])
#None
# oST version 5.0 parameters


[image]

width
640

height
480

[narrow_stereo]

camera matrix
453.354347 0.000000 307.087050
0.000000 452.319050 274.668730
0.000000 0.000000 1.000000

distortion
-0.316394 0.082113 0.002675 -0.002453 0.000000

rectification
1.000000 0.000000 0.000000
0.000000 1.000000 0.000000
0.000000 0.000000 1.000000

projection
363.656830 0.000000 296.007451 0.000000
0.000000 401.231354 284.826661 0.000000
0.000000 0.000000 1.000000 0.000000
