#('D = ', [-0.3388212952390998, 0.10777361293874509, -0.0029530914800217226, -0.000960310017040641, 0.0])
#('K = ', [716.2907206605199, 0.0, 468.8168687617148, 0.0, 723.6905447213007, 321.360607159495, 0.0, 0.0, 1.0])
#('R = ', [1.0, 0.0, 0.0, 0.0, 1.0, 0.0, 0.0, 0.0, 1.0])
#('P = ', [581.3363037109375, 0.0, 455.7831042430262, 0.0, 0.0, 679.6747436523438, 323.6563017816534, 0.0, 0.0, 0.0, 1.0, 0.0])
# oST version 5.0 parameters


[image]

width
984

height
588

[narrow_stereo]

camera matrix
716.290721 0.000000 468.816869
0.000000 723.690545 321.360607
0.000000 0.000000 1.000000

distortion
-0.338821 0.107774 -0.002953 -0.000960 0.000000

rectification
1.000000 0.000000 0.000000
0.000000 1.000000 0.000000
0.000000 0.000000 1.000000

projection
581.336304 0.000000 455.783104 0.000000
0.000000 679.674744 323.656302 0.000000
0.000000 0.000000 1.000000 0.000000
