#('D = ', [-0.32457070307486197, 0.08700373652500627, 0.00020201786218704564, 0.0006817832350765084, 0.0])
#('K = ', [558.758261954306, 0.0, 377.35106432126935, 0.0, 560.4699226466446, 351.44490148197866, 0.0, 0.0, 1.0])
#('R = ', [1.0, 0.0, 0.0, 0.0, 1.0, 0.0, 0.0, 0.0, 1.0])
#('P = ', [442.4564514160156, 0.0, 365.67372093021913, 0.0, 0.0, 493.33758544921875, 364.89844436442945, 0.0, 0.0, 0.0, 1.0, 0.0])
#None
# oST version 5.0 parameters


[image]

width
800

height
600

[narrow_stereo]

camera matrix
558.758262 0.000000 377.351064
0.000000 560.469923 351.444901
0.000000 0.000000 1.000000

distortion
-0.324571 0.087004 0.000202 0.000682 0.000000

rectification
1.000000 0.000000 0.000000
0.000000 1.000000 0.000000
0.000000 0.000000 1.000000

projection
442.456451 0.000000 365.673721 0.000000
0.000000 493.337585 364.898444 0.000000
0.000000 0.000000 1.000000 0.000000
