image_width: 1280
image_height: 1024
camera_name: narrow_stereo
camera_matrix:
  rows: 3
  cols: 3
  data: [1005.290154, 0, 615.655941, 0, 1096.927492, 543.399717, 0, 0, 1]
distortion_model: plumb_bob
distortion_coefficients:
  rows: 1
  cols: 5
  data: [-0.371795, 0.129682, 0.002728, -0.009219, 0]
rectification_matrix:
  rows: 3
  cols: 3
  data: [1, 0, 0, 0, 1, 0, 0, 0, 1]
projection_matrix:
  rows: 3
  cols: 4
  data: [820.502014, 0, 580.552402, 0, 0, 996.07489, 552.932476, 0, 0, 0, 1, 0]