image_width: 1024
image_height: 768
camera_name: narrow_stereo
camera_matrix:
  rows: 3
  cols: 3
  data: [715.797629, 0, 494.360937, 0, 715.032113, 443.628935, 0, 0, 1]
distortion_model: plumb_bob
distortion_coefficients:
  rows: 1
  cols: 5
  data: [-0.324772, 0.090596, 0.002469, -0.002284, 0]
rectification_matrix:
  rows: 3
  cols: 3
  data: [1, 0, 0, 0, 1, 0, 0, 0, 1]
projection_matrix:
  rows: 3
  cols: 4
  data: [569.233154, 0, 478.633351, 0, 0, 629.238892, 461.500448, 0, 0, 0, 1, 0]