image_width: 1024
image_height: 768
camera_name: narrow_stereo
camera_matrix:
  rows: 3
  cols: 3
  data: [786.241353, 0, 492.766045, 0, 787.019145, 418.665956, 0, 0, 1]
distortion_model: plumb_bob
distortion_coefficients:
  rows: 1
  cols: 5
  data: [-0.401107, 0.147929, 0.006076, -0.002107, 0]
rectification_matrix:
  rows: 3
  cols: 3
  data: [1, 0, 0, 0, 1, 0, 0, 0, 1]
projection_matrix:
  rows: 3
  cols: 4
  data: [626.356689, 0, 478.266885, 0, 0, 696.660034, 433.222744, 0, 0, 0, 1, 0]