#('D = ', [-0.3537136539161107, 0.11501256551961798, -0.00515315759347195, -0.0005686147065968429, 0.0])
#('K = ', [1120.3129170235254, 0.0, 729.0037790424494, 0.0, 1118.5887670785933, 561.2167513738601, 0.0, 0.0, 1.0])
#('R = ', [1.0, 0.0, 0.0, 0.0, 1.0, 0.0, 0.0, 0.0, 1.0])
#('P = ', [890.6307373046875, 0.0, 701.5848660625561, 0.0, 0.0, 1032.5997314453125, 568.635201707024, 0.0, 0.0, 0.0, 1.0, 0.0])
#None
# oST version 5.0 parameters


[image]

width
1560

height
980

[narrow_stereo]

camera matrix
1120.312917 0.000000 729.003779
0.000000 1118.588767 561.216751
0.000000 0.000000 1.000000

distortion
-0.353714 0.115013 -0.005153 -0.000569 0.000000

rectification
1.000000 0.000000 0.000000
0.000000 1.000000 0.000000
0.000000 0.000000 1.000000

projection
890.630737 0.000000 701.584866 0.000000
0.000000 1032.599731 568.635202 0.000000
0.000000 0.000000 1.000000 0.000000
