#('D = ', [-0.32477205522723657, 0.09059645444206253, 0.002468583445551816, -0.0022835629871942845, 0.0])
#('K = ', [715.7976294193179, 0.0, 494.36093711090626, 0.0, 715.0321133252, 443.62893491171775, 0.0, 0.0, 1.0])
#('R = ', [1.0, 0.0, 0.0, 0.0, 1.0, 0.0, 0.0, 0.0, 1.0])
#('P = ', [569.233154296875, 0.0, 478.63335058158555, 0.0, 0.0, 629.2388916015625, 461.5004475283058, 0.0, 0.0, 0.0, 1.0, 0.0])
# oST version 5.0 parameters


[image]

width
1024

height
768

[narrow_stereo]

camera matrix
715.797629 0.000000 494.360937
0.000000 715.032113 443.628935
0.000000 0.000000 1.000000

distortion
-0.324772 0.090596 0.002469 -0.002284 0.000000

rectification
1.000000 0.000000 0.000000
0.000000 1.000000 0.000000
0.000000 0.000000 1.000000

projection
569.233154 0.000000 478.633351 0.000000
0.000000 629.238892 461.500448 0.000000
0.000000 0.000000 1.000000 0.000000
