#('D = ', [-0.40110667757416857, 0.14792938943284537, 0.006076277594661701, -0.002107334360809775, 0.0])
#('K = ', [786.2413533635324, 0.0, 492.7660454586564, 0.0, 787.0191452087159, 418.66595641477255, 0.0, #0.0, 1.0])
#('R = ', [1.0, 0.0, 0.0, 0.0, 1.0, 0.0, 0.0, 0.0, 1.0])
#('P = ', [626.356689453125, 0.0, 478.26688537384325, 0.0, 0.0, 696.6600341796875, 433.22274405345524, 0.0, 0.0, 0.0, 1.0, 0.0])
#None
# oST version 5.0 parameters


[image]

width
1024

height
768

[narrow_stereo]

camera matrix
786.241353 0.000000 492.766045
0.000000 787.019145 418.665956
0.000000 0.000000 1.000000

distortion
-0.401107 0.147929 0.006076 -0.002107 0.000000

rectification
1.000000 0.000000 0.000000
0.000000 1.000000 0.000000
0.000000 0.000000 1.000000

projection
626.356689 0.000000 478.266885 0.000000
0.000000 696.660034 433.222744 0.000000
0.000000 0.000000 1.000000 0.000000
