#('D = ', [-0.3717946146275962, 0.12968183089107738, 0.002728432964998486, -0.009218625908126813, 0.0])
#('K = ', [1005.2901543668829, 0.0, 615.655940582777, 0.0, 1096.9274917381501, 543.3997169777557, 0.0, 0.0, 1.0])
#('R = ', [1.0, 0.0, 0.0, 0.0, 1.0, 0.0, 0.0, 0.0, 1.0])
#('P = ', [820.5020141601562, 0.0, 580.552402304711, 0.0, 0.0, 996.0748901367188, 552.9324755992748, 0.0, 0.0, 0.0, 1.0, 0.0])
# oST version 5.0 parameters


[image]

width
1280

height
1024

[narrow_stereo]

camera matrix
1005.290154 0.000000 615.655941
0.000000 1096.927492 543.399717
0.000000 0.000000 1.000000

distortion
-0.371795 0.129682 0.002728 -0.009219 0.000000

rectification
1.000000 0.000000 0.000000
0.000000 1.000000 0.000000
0.000000 0.000000 1.000000

projection
820.502014 0.000000 580.552402 0.000000
0.000000 996.074890 552.932476 0.000000
0.000000 0.000000 1.000000 0.000000
